0.001049152186581871 1.159866529175961e-21
0.001158044497985814 9.94973999972056e-22
0.0012706191648303152 8.629687832937671e-22
0.0013839160177379368 7.709304164689439e-22
0.0015144056479431073 6.7047418938396845e-22
0.0016656199255363192 5.8152102010586005e-22
0.001798314702259197 5.2244865058839145e-22
0.0019713597394896082 4.519721936234348e-22
0.0021691171260863717 3.882868816419964e-22
0.002370303964497553 3.3912763066820947e-22
0.0025647495778041195 3.027839905490923e-22
0.002827043611816626 2.6098034504763346e-22
0.0031173908340070425 2.284530425022705e-22
0.0033959955662756953 2.0128358263114872e-22
0.0037151581870018295 1.7464293800655405e-22
0.0040757768294184355 1.5320514193826301e-22
0.004425056174764744 1.3538149918179095e-22
0.004833440696143778 1.1738324516228842e-22
0.005312022440017747 1.022739546274961e-22
0.005888455198560982 8.754983330144167e-23
0.006381084670520956 7.767860569898062e-23
0.006967046030315367 6.910360464060085e-23
0.007685278455644363 5.954726149507052e-23
0.00828664459570657 5.361618576887829e-23
0.009077076652899235 4.7580389857629875e-23
0.009953798879127269 4.1656511089592473e-23
0.010989077117510713 3.654040373160449e-23
0.012304741357936183 3.166993389732852e-23
0.013523853383627021 2.825667180233834e-23
0.014695896836437666 2.57993839983058e-23
0.016015297372686543 2.4054799284051552e-23
0.017553038695568828 2.267400591147941e-23
0.01928344449920332 2.1483648162581513e-23
0.021470288061057326 2.0355782748557884e-23
0.02370070776754479 2.006977754651331e-23
0.026556208962884333 2.0171004950801808e-23
0.028875311478498436 2.052073323575606e-23
0.03156388030397164 2.1460017291642055e-23
0.03449144802725195 2.1937611580481037e-23
0.03745602853180383 2.3258115830745686e-23
0.04092625480037455 2.384394038770237e-23
0.04478519695158444 2.536766880326581e-23
0.04913235422245 2.677323088019634e-23
0.053207807719848316 2.822115363755721e-23
0.05921683490300453 3.0663864462750696e-23
0.06411072572518026 3.27035271317578e-23
0.07047252007047423 3.449782931059992e-23
0.07663034553213259 3.781134118991288e-23
0.08491318471884804 4.1783323705479085e-23
0.09345495016414787 4.533715234407477e-23
0.10194864622164784 4.9713659922506053e-23
0.11626518044271028 5.743043378824189e-23
0.12608659195851457 6.31205991591802e-23
0.14080114934009852 7.050835959170581e-23
0.15479047196148787 7.964741462284418e-23
0.16731258257064702 8.815142155107481e-23
0.1836737232657674 9.937434128486144e-23
0.2030172792730754 1.120809062628624e-22
0.22754547674526976 1.3164990708252913e-22
0.24955060214044725 1.503654151256647e-22
0.2714749934469312 1.6746933621141179e-22
0.29390605918356894 1.8683839995946513e-22
0.32179967585995384 2.146689508255355e-22
0.3533838514187323 2.3982816485274414e-22
0.3854000051933236 2.7693147804687743e-22
0.4217394242867947 3.177569317807862e-22
0.457193855518681 3.515415461235671e-22
0.5021845993177687 4.0455161404629804e-22
0.5513956590906256 4.587735463958289e-22
0.6061872566727761 5.34337083054414e-22
0.6553408977229386 5.979623402500465e-22
0.7197404746081038 6.8774641848015315e-22
0.7828021710094751 7.764447631054341e-22
0.859068466366126 9.07115893847032e-22
0.9412179077175644 1.0231048593960357e-21
1.0349076075748047 1.1768885720463834e-21
1.1286689975579265 1.3296001103095517e-21
1.226945547064101 1.5182728141696634e-21
1.3352072439384521 1.712910390239455e-21
1.5060926580662972 2.0730680558007052e-21
1.637693680822157 2.3427786918381615e-21
1.787475504713847 2.6837611235422165e-21
1.9590055297752293 3.0933783858157736e-21
2.141173280284583 3.5197687227961616e-21
2.3181274907255243 3.902169769333578e-21
2.554264590477304 4.513712957534872e-21
2.810496205626464 5.230956169720282e-21
3.081277041772647 6.129257433108836e-21
3.369280191674581 6.825619847999958e-21
3.6170454039511983 7.690854779343199e-21
4.011392639371758 9.069074315480555e-21
4.364771331639567 1.0109322506888557e-20
4.7978935161419916 1.1810662596714409e-20
5.2532451443634045 1.3517752296386195e-20
5.763918372385127 1.5448894953346366e-20
6.203827483269418 1.7192070575915584e-20
6.83824310295009 2.0020938841538934e-20
7.444724711607836 2.250741512352572e-20
8.115652302264216 2.5368790050711023e-20
8.86838363645587 2.974713731072852e-20
9.558139172591998 3.2724174807616413e-20
