0.001024775263639583 1.6250103064605695e-21
0.0010952587088481544 1.4909333004835343e-21
0.0011516460986314464 1.4119553507215228e-21
0.0014077590988524112 1.0532583711094181e-21
0.001508365327124984 9.705626085493832e-22
0.0015760992979340206 9.167260726869478e-22
0.0019509379613082691 6.975750496599658e-22
0.0020903627464444524 6.473383445597111e-22
0.002184231629997909 6.156113816428671e-22
0.002686787288186972 4.8467921686132e-22
0.002878799924053106 4.541049956006528e-22
0.0030270096685767614 4.318118898337603e-22
0.0037942354139135397 3.503633523078505e-22
0.004065392399851856 3.2805232693375194e-22
0.00426130040325315 3.1596862596797255e-22
0.005358154863800229 2.6383878020247286e-22
0.005741078157840176 2.5246186491303274e-22
0.0060177361157077135 2.432013509609218e-22
0.007614327296069546 2.0856597499023498e-22
0.00815848911375193 1.9957246225528965e-22
0.008578513991877463 1.947737546376714e-22
0.010888626738323786 1.70114950618089e-22
0.011666788050229816 1.6561143383622275e-22
0.012267431277252598 1.6327936965501883e-22
0.015570934586400123 1.4435848766212078e-22
0.016683719437653198 1.4098643208595056e-22
0.017542650193798835 1.3910772143123546e-22
0.02240688786269599 1.2583293603208026e-22
0.02400820763184538 1.2391844338187996e-22
0.02524422625538938 1.2275238753728418e-22
0.03244693597724252 1.1774469445983924e-22
0.03476577295036746 1.166963551499263e-22
0.036441107701732964 1.166963551499263e-22
0.046691793090258865 1.1956380504573289e-22
0.05002864610575243 1.2148860379099285e-22
0.05260427937440932 1.2309790196539684e-22
0.06719042881314359 1.369037750583933e-22
0.07199222737684505 1.4261693725173683e-22
0.07569861542349628 1.4530218175844394e-22
0.09548248028495424 1.7559135768263322e-22
0.10230618486296786 1.8818145534064336e-22
0.10723623796505896 1.94910668930237e-22
0.13315702968194076 2.478279261416453e-22
0.142673165315658 2.6723127330823454e-22
0.14907998191435515 2.7891717666565127e-22
0.18338082592962754 3.6451842894555033e-22
0.19648623100165163 3.9913049329784336e-22
0.2053095527763643 4.1729454578099957e-22
0.25096806331885296 5.592413608585639e-22
0.2689036250836207 6.100003830381274e-22
0.28097888958640177 6.466494988183833e-22
0.34346540041316076 8.68460951167708e-22
0.3680113319620072 9.521394946437604e-22
0.3845370823012974 1.004413253930065e-21
0.4671133057545645 1.356432543321335e-21
0.5004957984738144 1.4918860308487728e-21
0.5229708363139421 1.5747982912963555e-21
0.6352745870486118 2.1376183108725806e-21
0.6806748122522549 2.3495796669693036e-21
0.7090127903315784 2.4923351662264765e-21
0.8639741064490983 3.375160414559215e-21
0.9257184604695179 3.716950098709719e-21
0.9672883547459548 3.889416391072093e-21
1.1750056933371376 5.349624162723142e-21
1.2589780797360708 5.8875980263569854e-21
1.318267768392942 6.155537062201765e-21
1.5880125284335984 8.414395755992885e-21
1.7015006607891476 9.254658145889926e-21
1.7779074794934195 9.787729674491299e-21
2.1596987086442425 1.3336804572843764e-20
2.3140426879933846 1.4631185079554033e-20
2.4103813357391357 1.541803301688195e-20
2.9371925149233125 2.1125315701235998e-20
3.147100489148274 2.330922409695261e-20
3.2781211513934654 2.4429754803688005e-20
3.994584909085407 3.35049900555539e-20
4.2800599747733 3.6968693515211297e-20
4.444281904850235 3.8708758705785483e-20
