0.0010506515021586537 9.618346777768102e-19
0.001200560628843136 6.992182781999144e-19
0.0013718590993939067 5.083058574046355e-19
0.001567598789578297 3.6951958026187266e-19
0.0017912670231024592 2.6862708388625645e-19
0.0020468487022227855 1.9528196623868986e-19
0.0023388973032813184 1.4196277525834348e-19
0.0026726160020308174 1.0320169315797314e-19
0.0030539503740887675 7.5023818400919e-20
0.0034896943220836777 5.453954441268992e-20
0.003987611116705424 3.9648233962820255e-20
0.0045565717081426935 2.882280138747867e-20
0.005206712772082031 2.095311182336832e-20
0.005949617306036518 1.5232138235990614e-20
0.006798520993531683 1.107320178483299e-20
0.007768548012759744 8.049808626205277e-21
0.008876980490899793 5.851913491478584e-21
0.010143566404736924 4.254124924196154e-21
0.01159087141317781 3.092591662029897e-21
0.013244680889956366 2.2481998903367998e-21
0.015134459319196363 1.6343582662293087e-21
0.017293875238481776 1.1881180823258178e-21
0.01976137322644301 8.648568116514781e-22
0.022444430982705522 6.392165207765132e-22
0.025492175165752563 4.655652707797198e-22
0.029129163955624683 3.4158497484288566e-22
0.03328537324163906 2.483196577198332e-22
0.03803459905416511 1.8051921762207857e-22
0.0434614542162142 1.3123080238638972e-22
0.04966227426480842 9.603055551209447e-23
0.05674771019755813 7.036478436680122e-23
0.0648445907136775 5.1152598786087576e-23
0.07409675086776081 3.7186049614400297e-23
0.08466795421460901 2.735538009255721e-23
0.09674828007148592 1.9938827736999668e-23
0.11055081037006824 1.470641633135458e-23
0.12632140128221303 1.0933209498427472e-23
0.14433929932562964 8.257634194337483e-24
0.16492369951312552 6.361324586462693e-24
0.18843861877297677 5.024726987593455e-24
0.21529538372979862 4.161777458295697e-24
0.24596979011034958 3.581301344453984e-24
0.2810022812453139 3.2102808824633683e-24
0.3210120920446873 2.981922154542879e-24
0.36670671119704956 2.8550362117583514e-24
0.4188951240800136 2.799159689082108e-24
0.47850473833295015 2.777116488008217e-24
0.546589985704782 2.7881163040873695e-24
0.6243567527024662 2.825097992735842e-24
0.7131798403921674 2.8929055287981428e-24
0.8146334572132173 2.981922154542879e-24
0.9305115195263446 3.0980750209550054e-24
1.0628622442129005 3.248578756405506e-24
1.2140223899875073 3.447031382032059e-24
1.3866687864052911 3.686639337970663e-24
1.5838471722886827 3.989940652725164e-24
1.809045633308045 4.358209071763069e-24
2.0662376036784487 4.81725961504309e-24
2.35997459009093 5.366926188034083e-24
2.6954427222997754 6.0347187429985915e-24
3.0785582730645666 6.866553575974979e-24
3.516137694603305 7.792486631132973e-24
4.015862734488812 8.948777009475074e-24
4.586578012592778 1.0344574265787984e-23
5.238415394838567 1.1926610365078842e-23
5.982848731997776 1.3841487221697647e-23
6.833025633762446 1.616999166878055e-23
7.804058678433531 1.8790908766215453e-23
8.913058932245335 2.1894261348420648e-23
10.179568211488332 2.5712623467432106e-23
11.626141615841712 2.995910975639706e-23
13.278299884019951 3.486094493941488e-23
15.165113454328733 4.0886787026267224e-23
17.320062980203133 4.7891071090013705e-23
19.781173206024793 5.624328031867463e-23
22.592060836370543 6.587827344679287e-23
25.802300430206323 7.736745318170353e-23
29.468785039503445 9.062121212894283e-23
33.6561790626176 1.0642556369237284e-22
38.438693043284744 1.246572452198753e-22
43.90067436657321 1.463974855245444e-22
50.13892228319604 1.714767262624718e-22
57.263458405489274 2.0138229034764478e-22
65.40054639447588 2.35880935743689e-22
74.69369698461772 2.7701860261024663e-22
85.3073663265472 3.2533068410208267e-22
94.53144182647637 3.672596593984288e-22
