0.010415434515422942 2.4052910460591784e-21
0.011359060410426943 2.115038579206859e-21
0.012560287705783352 1.7947348960365777e-21
0.013299161422414288 1.6737236340272692e-21
0.015206659739436612 1.3530963912283142e-21
0.016584364902423248 1.2008813046260606e-21
0.017944847377688887 1.0945491246438784e-21
0.01949363092550974 9.382537993100104e-22
0.02255477239224366 7.5439118466357e-22
0.0245982077624845 6.672620168792399e-22
0.02834895984116383 5.360028908596006e-22
0.03267162924372128 4.313920369260819e-22
0.03563163973014826 3.8170034647587106e-22
0.038859823622143706 3.354158166674584e-22
0.04204765199789992 2.987019254585023e-22
0.04807854544096741 2.4227847499322264e-22
0.052434404085658984 2.139934691347091e-22
0.057789216938139536 1.87227207515818e-22
0.06139007794897952 1.686790048610998e-22
0.07417821914032104 1.2649654969831366e-22
0.07900764955634124 1.162007270051954e-22
0.0896302526183868 9.594831618113597e-23
0.10329713679007378 7.735213956284932e-23
0.11265573368879639 6.824508275801628e-23
0.1313781379747965 5.438480552220495e-23
0.1520088284558939 4.388403078597726e-23
0.16578064628911063 3.8934877718045294e-23
0.18271083460575918 3.4295933546479783e-23
0.1956319432937435 3.112004378015346e-23
0.22263574053557997 2.6150040072664216e-23
0.24204173870705126 2.3779956230939824e-23
0.25577548149323254 2.234371614308983e-23
0.2924613509993826 1.968154644209033e-23
0.3451234128653593 1.749454345188644e-23
0.3763911807985813 1.6862134653003543e-23
0.3961831855004005 1.6539103991631247e-23
0.4547970685908771 1.6239583355197134e-23
0.5409382475992041 1.638319471169983e-23
0.589946605078371 1.6889149229517958e-23
0.6258833513100468 1.710682974754304e-23
0.7184805511019237 1.8034819231574654e-23
0.7804911569073238 1.884648416746465e-23
0.8545648973758162 1.9314807502501678e-23
0.9319874537685606 2.0071307498392826e-23
0.9848695559976194 2.0581046065455234e-23
1.126129366363237 2.1994752292955053e-23
1.18068171725799 2.208295183967823e-23
1.3425966046811106 2.4129545408883367e-23
1.4607750191166777 2.518054736535608e-23
1.5436611712662855 2.5951261664475978e-23
1.7595107079606191 2.776345990089868e-23
2.099382555407232 3.0294450399508264e-23
2.295006016385131 3.179499216931881e-23
2.4290546939355653 3.253122133797231e-23
2.7957624980646116 3.594477333975502e-23
5.68419007347169 4.925378368386723e-23
5.967381841025633 5.1874867741348886e-23
6.743063674552752 5.512839681378265e-23
7.069713513076909 5.615266764541111e-23
8.020238694290422 6.146817568479652e-23
8.746862716057247 6.426886263122341e-23
9.243170350311031 6.72270448856603e-23
