0.0010501866703771772 1.1288449579456658e-20
0.0011453323251540877 9.874735949132781e-21
0.001249098062320423 8.67733721840682e-21
0.0013622648510184378 7.602788151317707e-21
0.0014856844152594951 6.708568492683644e-21
0.0016202856442304814 5.895881919919571e-21
0.0017670815833663014 5.169907835905158e-21
0.0019271770588051794 4.540950898663274e-21
0.0021017769926104757 3.9878727220565155e-21
0.0022921954713416384 3.4918952053775365e-21
0.00249986563622684 3.067080724490499e-21
0.0027263504693733824 2.693876145125198e-21
0.002973354557195887 2.3719614883725803e-21
0.0032427369195969498 2.080506679124937e-21
0.003536525001456248 1.8207792156969463e-21
0.0038569299317317575 1.6025570208743315e-21
0.004206363165017303 1.4042933526236243e-21
0.0045874546308052955 1.2369770838915951e-21
0.005003072527050901 1.0869827146427673e-21
0.005456344907009467 9.48193986744762e-22
0.005950683221815562 8.326615405835128e-22
0.006489807995991443 7.351182669291126e-22
0.007077776829125899 6.4477339424225225e-22
0.007719014934471656 5.65758135125248e-22
0.00841834844430308 4.978850390912133e-22
0.009181040732699515 4.368355901881785e-22
0.010012832029129178 3.83844943781409e-22
0.010919982620976387 3.3662609809232747e-22
0.011909319970166057 2.951765191256481e-22
0.012988290098497834 2.5931457116474717e-22
0.014165013628430083 2.271783740047904e-22
0.015448346901091788 1.9977485298752154e-22
0.016847948631513045 1.755831809561219e-22
0.01837435260273972 1.5460122173304885e-22
0.020039046945947884 1.3641743849839873e-22
0.021889049213512167 1.1729715248806428e-22
0.02383455762387616 1.0416583949817314e-22
0.02599394000360798 9.213510121339472e-23
0.02834895984116383 8.075795931589854e-23
0.030917341655954087 7.066305346049919e-23
0.03371841578762318 6.20614108107837e-23
0.036773263881439935 5.443416154939711e-23
0.04010487755449019 4.815365665541939e-23
0.04373833143683601 4.2261573879120475e-23
0.04770097188999719 3.7183583318359665e-23
0.05202262282310107 3.2823282727915264e-23
0.057941291833951004 2.776345990089868e-23
0.06236578161747159 2.5059909966957e-23
0.06801604675132346 2.2198140217711784e-23
0.07417821914032104 1.9673671447160862e-23
0.08089867696879091 1.749454345188644e-23
0.08822800022902315 1.5653375248174093e-23
0.09622135140004202 1.4071898422925026e-23
0.10493889061541613 1.2735538430432551e-23
0.11444622844477582 1.1682434775339763e-23
0.12481491969679415 1.0842956097709197e-23
0.13612300196012533 1.0192151224884188e-23
0.14845558293550856 9.709844601712096e-24
0.1619054809794572 9.405653774361128e-24
0.17657392368043767 9.243946813154974e-24
0.19257130972521522 9.229160910970943e-24
0.21001803978937833 9.241480852129141e-24
0.22904542270554762 9.365588414802225e-24
0.24979666372934292 9.618312746004181e-24
0.2724279423410582 9.849960718662053e-24
0.2971095876948857 1.014467489448769e-23
0.3240273605624227 1.0591345592146016e-23
0.3533838514187323 1.094906299404253e-23
0.3854000051933236 1.1452519760960151e-23
0.4203167841617453 1.1869368959730837e-23
0.4583969814931699 1.2349072076701289e-23
0.4999271991032094 1.285502012186665e-23
0.545220004697836 1.34586779517511e-23
0.5946162842428951 1.4053138987794486e-23
0.6484878075645392 1.465820536182382e-23
0.7072400263899884 1.531422661102476e-23
0.7713151258874399 1.6020110694781988e-23
0.8411953526718252 1.675897846868746e-23
0.9174066443239177 1.746656053360896e-23
1.0005225877395183 1.8298972679280504e-23
1.0911687361003364 1.9194086123063955e-23
1.1900273169572742 2.0002879949881833e-23
1.2978423668603971 2.0952253254747935e-23
1.415425331180253 2.185436515413251e-23
1.5436611712662855 2.290505376927301e-23
1.68351502490649 2.4019069345626682e-23
1.836039470216734 2.5193987318086268e-23
2.002382447629771 2.647577775393415e-23
2.183795899606934 2.774864924056201e-23
2.381645193097405 2.929297342994429e-23
2.5974193956609826 3.085731316530293e-23
2.8327424825952767 3.253122133797231e-23
3.089385559415228 3.41972539100458e-23
3.369280191674581 3.6137087677783303e-23
3.6745329424532764 3.856270543277803e-23
4.00744122692377 4.115882324376063e-23
4.370510603322068 4.36155648259166e-23
4.766473630460044 4.71367539411782e-23
5.198310433705814 5.089874314121491e-23
5.669271134217229 5.563075358808512e-23
6.182900310237152 6.091310582743105e-23
6.743063674552752 6.733175424859625e-23
7.35397716890065 7.629657202044017e-23
8.020238694290422 8.713814026036788e-23
8.746862716057247 1.0185460082969648e-22
9.501786777797674 1.2143395540007844e-22
