0.001063842168472249 6.546677530814342e-20
0.0012097245822222575 4.9865720610573493e-20
0.0013201911989641705 4.2135761068024244e-20
0.0014333583752291382 3.581298236151495e-20
0.0015562262749906981 3.03547422407902e-20
0.0016896264471083628 2.575216848859396e-20
0.0018344617210534456 2.186092450086212e-20
0.001991712317103984 1.853481760586849e-20
0.0021624424803073604 1.5738986672017256e-20
0.0023478076831081394 1.3327897159567803e-20
0.0025490624453872773 1.1307038963771092e-20
0.0027675688248373805 9.601461386619037e-21
0.0030048056351354205 8.14562842944127e-21
0.0032456521140770637 6.9709914285493e-21
0.0035058033446273653 5.9775636053664935e-21
0.0038063218341939102 5.071208442344456e-21
0.004132600856709275 4.3022804546350175e-21
0.004486848612603205 3.646571875241927e-21
0.004871462589893076 3.099377130917437e-21
0.005289045789971345 2.6270024921772213e-21
0.005742424344272264 2.226622254214848e-21
0.006234666641044413 1.8890080171374713e-21
0.006769104091675786 1.6040660683732175e-21
0.00734935367711434 1.3595910988689592e-21
0.00797934242697432 1.1534414878548111e-21
0.00866333399699875 9.78549555827108e-22
0.009405957524749788 8.309430793748345e-22
0.010159880415608774 7.139696336502179e-22
0.010974233063232615 6.097767842502573e-22
0.011914947535813633 5.1731865696240715e-22
0.012936300328523666 4.388796027556832e-22
0.014045203781783491 3.7302251279960024e-22
0.01514500788155997 3.215706097000342e-22
0.016386990831748223 2.7323244190995425e-22
0.017791688485666753 2.3223191832034385e-22
0.019316797233921244 1.9683755878073931e-22
0.020972638750787115 1.6699183074575698e-22
0.02277041948748193 1.4180243120445191e-22
0.02472230651550404 1.20190388079884e-22
0.02684150987128443 1.0206061674407489e-22
0.029142371959446214 8.658555482350262e-23
0.03164046461973777 7.334390705768075e-23
0.03435269451457175 6.231892536224124e-23
0.03729741755041486 5.2869744477684297e-23
0.04008039319345865 4.6156356403252956e-23
0.04557653226031661 3.5243783276914515e-23
0.04973837653099934 2.9762115776479487e-23
0.05400196473582398 2.535067747932218e-23
0.058631028970389756 2.1539989360993353e-23
0.06365689794701562 1.832467689466719e-23
0.06911358588441678 1.5589319830493352e-23
0.07503802271009967 1.3311371044237398e-23
0.08147030399577355 1.13873010322866e-23
0.08890980632515141 9.669616555636408e-24
0.09752868392705719 8.164807599646411e-24
0.10698307174079455 6.95102478823208e-24
0.11795874278560305 5.91525416932202e-24
0.13140441324362623 5.00908355056914e-24
0.14713708226571282 4.3237325596572565e-24
0.16475337808882334 3.800470672118325e-24
0.1844788218829866 3.4407585192630365e-24
0.20656593581338778 3.1785156338427362e-24
0.23129747579115364 3.0061230330086835e-24
0.2589900512720065 2.8892946286670922e-24
0.2899981784429057 2.812682410926006e-24
0.3280742938806465 2.7602657989285608e-24
0.3673536769155944 2.7234244863687504e-24
0.40504144423541166 2.7099636952543827e-24
0.47015196620465766 2.7051886379436655e-24
0.5242815169168862 2.688519520604961e-24
0.5894712569790864 2.6726712679990534e-24
0.6600469397523219 2.6726712679990534e-24
0.7390724441919004 2.6726712679990534e-24
0.8275594429219808 2.6834667275604722e-24
0.9266407331938309 2.692496245804115e-24
1.0375847387858905 2.7051886379436655e-24
1.1618117481742416 2.7124682786359645e-24
1.3009120968520935 2.7124682786359645e-24
1.4566665265656296 2.716115441736035e-24
1.6310689821020377 2.7344249484394646e-24
1.8263521374708542 2.7528578806905323e-24
2.0450159782608646 2.7751414929924174e-24
2.289859806079697 2.7957265605101327e-24
2.5640180747920174 2.8316428817020988e-24
2.8710005173265905 2.8660943985189077e-24
3.2479564958313416 2.918559187071868e-24
3.6368249005196347 2.9819847033528865e-24
4.072251390686883 3.054987452993443e-24
4.559810230781742 3.144531131894755e-24
5.105743075757127 3.2541426965620236e-24
5.717038875798247 3.3879991480919115e-24
6.4015233478119695 3.541609400245826e-24
7.167959159077764 3.732152410457694e-24
8.026158105596599 3.956799870235768e-24
8.987106721227757 4.228926515384828e-24
10.063106925643309 4.531931175145188e-24
11.267933511653661 4.899249884793712e-24
12.617010488033868 5.3141617363149845e-24
14.127608535364354 5.795276633164901e-24
15.81906610268678 6.349741176644895e-24
17.71303697542042 6.975976168996669e-24
19.833767483866907 7.694929111075729e-24
22.208406901084803 8.516539202541759e-24
24.86735500380033 9.432209856211011e-24
27.844651245777953 1.0488525287165372e-23
31.17841052578828 1.1663137735115878e-23
34.911311128810944 1.299546171780518e-23
39.09114108702056 1.447998206781548e-23
43.7714099549889 1.6144927984004636e-23
49.01203383095526 1.8037632537241605e-23
54.880102393706814 2.0138688295535756e-23
61.45073777455679 2.252984270861262e-23
68.80805625957379 2.51879812376685e-23
77.04624513362582 2.815973493621491e-23
86.27076845183858 3.152443565019988e-23
94.63381888060101 3.450740858610941e-23
