0.0010419392763123387 2.155514045810168e-21
0.0011363377270629208 1.9255372126121356e-21
0.0012392885644128913 1.690912045845731e-21
0.0013497917726744614 1.461481434648182e-21
0.0014740169420623425 1.2966446898988147e-21
0.001607561111933028 1.1396916234091319e-21
0.00175320422367985 1.0099102869095336e-21
0.0019145565863680943 8.770634561291814e-22
0.0020852711812310147 7.84829213566036e-22
0.00227419425321629 6.810434255409818e-22
0.002476976533636574 5.940558721914907e-22
0.0026357669097578224 5.624578000206118e-22
0.0028674501372178717 5.172614033193368e-22
0.0031255943867008417 4.338964425370069e-22
0.0031836269117847013 3.980906810296638e-22
0.0034538578185906114 3.5983981456738965e-22
0.00376677320108935 3.0789373667818985e-22
0.0041080383425380115 2.7825719102508733e-22
0.004480221697149677 2.4802464614408236e-22
0.00477661519419149 2.2085939194536207e-22
0.005163369063241811 1.9859433250110669e-22
0.005631164117430166 1.7559701213239282e-22
0.006093111267181378 1.5361473259188822e-22
0.006645139851715145 1.3598380063864935e-22
0.007156333873522714 1.2042855253604393e-22
0.007759694251398169 1.0794951067645274e-22
0.008484983265135455 9.448616263092956e-23
0.00909299416413158 8.533001544215535e-23
0.009849709112451241 7.526826972642285e-23
0.010735025497790183 6.622997459798066e-23
0.01129951182468983 5.947739864720911e-23
0.012051000440059894 5.595361669023202e-23
0.013073906976243865 4.873707847309881e-23
0.014249022295318027 4.30866746476474e-23
0.015570627160066724 3.7971720643982503e-23
0.016981307335525057 3.3705143560821876e-23
0.018568529106168102 2.888229686246978e-23
0.020197664555058423 2.61347951287708e-23
0.025266517068016123 1.7525049143047002e-23
0.027468867790509468 1.6166309395528873e-23
0.029884927644349593 1.403982056513785e-23
0.03267162924372128 1.2522403840113473e-23
0.03563163973014826 1.1115531422101801e-23
0.03819159724592166 9.736297203395866e-24
0.041414932330087424 8.726341231289522e-24
0.04513969089948357 7.764741671993118e-24
0.04922929284188506 6.837664420413563e-24
0.053760004441950275 5.9371261000294435e-24
0.0585536038808398 5.250679576491776e-24
0.06199808858811693 4.712840974806352e-24
0.06695194549883467 4.3237135402448614e-24
0.0730177115885783 3.8280411941050484e-24
0.07963302882252458 3.398316472516124e-24
0.0868476858762715 3.009183129382162e-24
0.09471598221980589 2.6634814675141077e-24
0.10329713679007378 2.3973184134232855e-24
0.11265573368879639 2.157309110546333e-24
0.1231855256279922 1.9618638467503287e-24
0.13399337720542748 1.8009630489441487e-24
0.14613301672818124 1.6906332469611857e-24
0.15937249305493204 1.5946599289863551e-24
0.17381145008310883 1.520727842383012e-24
0.18955855932792742 1.4886643724982357e-24
0.20673233781375197 1.4598082002288946e-24
0.225462040065435 1.4716833776205955e-24
0.2458886309130025 1.4812161502817693e-24
0.26816584643128105 1.499186845192039e-24
0.2924613509993826 1.537005912273393e-24
0.3189579991883966 1.5838657299910022e-24
0.3478552119745901 1.653275738507014e-24
0.3793704776358811 1.7059708452218656e-24
0.41374098862773306 1.741353623273811e-24
0.45122542675804445 1.8300667654259044e-24
0.4921059100967502 1.9144790569509223e-24
0.5366901162730927 2.0211623413398367e-24
0.5853135981410925 2.0919361654134085e-24
0.6383423092415319 2.187280655077343e-24
0.6961753580677729 2.2713733728050542e-24
0.7592480118647567 2.4099334492457992e-24
0.8280349725686046 2.4891257556972276e-24
0.9030539495424083 2.600158727353399e-24
0.9848695559976194 2.694619654521496e-24
1.0740975584265438 2.8691674235388475e-24
1.1714095110283302 2.9759011040881643e-24
1.2775378100084172 3.1268049653406597e-24
1.3932812057914312 3.2487519356079735e-24
1.5195108146339984 3.413764915464194e-24
1.6571766748824666 3.614732294453692e-24
1.8073148972197268 3.7421058289931275e-24
1.9710554627158328 3.945072740845041e-24
2.1496307273726862 4.175439737643763e-24
2.34438469717025 4.357291261405816e-24
2.5567831434208776 4.579459344591201e-24
2.7884246345626167 4.863179179636044e-24
3.041052567419768 5.144274668300533e-24
3.3165682884812826 5.365028321263208e-24
3.6170454039511983 5.7681166556707276e-24
3.94474538627258 6.144950652454616e-24
4.302134594583806 6.565118555414218e-24
4.6919028372078175 6.964998399014607e-24
5.116983615880661 7.507958678004343e-24
5.58057620408294 8.00785252122218e-24
6.086169725641558 8.69090460453404e-24
6.637569414824055 9.380586926552013e-24
7.23892525556598 1.026008649243341e-23
7.915538636071442 1.1125177432375869e-23
8.587421128195398 1.2167066561860757e-23
9.390076748227496 1.3526096477031958e-23
9.844954115782743 1.4219084058249888e-23
