0.0029102126970811095 8.736558160336455e-19
0.0029245988726053296 7.138467807788124e-19
0.003861077177764947 8.87866565154264e-19
0.0038616541785265364 6.336330424843929e-19
0.003705629603120119 4.1125174423824473e-19
0.004112189108263118 5.328581776983943e-19
0.004731939066558748 8.182203316702498e-19
0.005052585424158724 6.484659520271278e-19
0.004932572492943231 4.9092273258628965e-19
0.005719009112384909 3.6882469076609792e-19
0.005837044931319025 8.537008986399069e-19
0.005958916008406917 6.123304996454178e-19
0.006253470793961867 4.783464863480733e-19
0.006968994071384598 2.9652987179707005e-19
0.007156590828099712 3.9070318967945407e-19
0.007660152363966254 4.96988244861963e-19
0.007134865928611734 8.055947605424724e-19
0.007035047354083749 6.688711907789218e-19
0.007997385458475496 2.1550663678742357e-19
0.008575502560063893 2.791153378265016e-19
0.00906003610365227 3.627037692030481e-19
0.00852684817999948 4.788067783816973e-19
0.010091577970621157 1.959581333746511e-19
0.010645339052431388 1.4921464061685103e-19
0.01052932274934811 2.802703550404415e-19
0.010857399209620866 3.3462727104749913e-19
0.012637478257871709 1.7960689111297077e-19
0.01260918385685496 1.3006739290346804e-19
0.012821166713893193 2.6317681776436236e-19
0.014318781835105727 1.0749108165168108e-19
0.01548529042221891 1.4809294060606317e-19
0.016553644824292117 8.616571549948848e-20
0.01822997557067517 1.0728849994498592e-19
0.01972379497111747 8.003640029633231e-20
0.020114470389071357 5.860389016506403e-20
0.019428170208855174 1.2362497618963928e-19
0.02317526844295236 5.087306089310464e-20
0.024841698087199642 6.587819936407337e-20
0.026477400731604966 3.8459377117384676e-20
0.027748360440946394 5.096446471424629e-20
0.02757299048578906 6.851853654031224e-20
0.030622158062321048 2.796026698520938e-20
0.03281127709916343 3.889368503145018e-20
0.03451413656199174 2.106025760905008e-20
0.038122043507597896 2.9056277969660176e-20
0.04026562516353671 1.6814655456309388e-20
0.04217328429859718 2.3399247887788074e-20
0.04461848001099868 1.1620562910406191e-20
0.04213660084609747 3.313690586612912e-20
0.04999203737199391 1.5967006418169535e-20
0.0505230930024468 8.899853900798827e-21
0.050700844591576116 2.1692028614190936e-20
0.05758835905803522 7.057236942666075e-21
0.060539171328316425 1.321047171522879e-20
0.061294196295035276 5.203115245834387e-21
0.06051335814796099 2.000217683227185e-20
0.06420223977131637 1.707536228164508e-20
0.06516825592933458 1.0335588386217101e-20
0.06847112985443103 4.027146044345796e-21
0.07243780431040803 7.823928347624033e-21
0.07624021981492779 5.775879107667125e-21
0.07557912129279216 3.0732847201430963e-21
0.07429179646096673 1.4206828055114406e-20
0.07885170911284221 1.0593470804269078e-20
0.08565262067159472 4.181017790208014e-21
0.09181668209840656 6.935222185490224e-21
0.09390003856008176 4.834089125170392e-21
0.09160765551191266 2.618391600693313e-21
0.0878525719443971 9.904723161701268e-21
0.10437003493923742 3.628186015335224e-21
0.10595816014271958 6.591404775585343e-21
0.11241734736613092 5.147112184101038e-21
0.11380329271398183 2.560391328773223e-21
0.11404161939875668 1.946997908089563e-21
0.1267812023860099 3.923557923769774e-21
0.1396570049444689 2.7443342635460943e-21
0.1379836909754231 1.9200806167093417e-21
0.15019344735380546 1.6019053707683474e-21
0.15576983466310979 3.1221600787075847e-21
0.17172073413023498 2.3177282684933462e-21
0.18043009187327547 1.6355989276368419e-21
0.19010505216275614 1.2412894436985876e-21
0.21596239554459967 1.6131204728346758e-21
0.2278101463950897 1.2357586137657934e-21
0.24413610930118493 9.957884514803682e-22
0.28492776209468273 9.577464470411008e-22
0.30776480531397493 8.353849024111631e-22
0.37814754943807544 7.992011761307986e-22
0.4651655321490159 8.486391463900446e-22
0.5722077866721992 9.982564417543538e-22
0.703882227936457 1.2732682356359945e-21
0.8531423588399784 1.6396253981649888e-21
1.0188688379501627 2.0979519310959962e-21
1.1977384930100257 2.625201341182637e-21
1.4365303795130182 3.425670122713975e-21
1.7184046848493095 4.392613676665159e-21
2.052211997492589 5.657938843902043e-21
2.3794113783419633 6.95112135056185e-21


