0.0005860196603356051 7.462143327201526e-19
0.0005889165557077845 5.084236723083682e-19
0.0005873054059636282 3.571525459578721e-19
0.0005831370148647324 2.567411364678151e-19
0.0005860196603356051 1.9935117865325134e-19
0.0011016256773928685 8.606853595243616e-19
0.0011145407698936233 6.467119824010114e-19
0.0011235705786460176 5.040014683199228e-19
0.001127270330095472 3.488305784284246e-19
0.0011291247718410613 2.0365559047671061e-19
0.0011217252589460901 1.1659255732247194e-19
0.0011125440215108869 2.8014420212023577e-19
0.0011347064213104428 1.412033168559708e-19
0.0013685587347434741 8.80358110779129e-19
0.0015104104513330968 6.76024234950496e-19
0.00165876531730747 5.291912276220856e-19
0.0019757344092255513 4.3143927842049013e-19
0.0020393568678529327 3.1165877677271376e-19
0.0020926989925395202 2.34055545540667e-19
0.002078191728230234 1.2154164528253643e-19
0.0021971253691826453 1.7552248598502173e-19
0.002133071319317657 8.758842029536095e-19
0.002133071319317657 6.426789583627976e-19
0.0022167140677748277 8.985467571263224e-20
0.0023916078165062494 7.368153718037318e-20
0.0024248583829502854 4.340962360659839e-19
0.002466519511013385 3.043974061454945e-19
0.0025499429611507357 2.365197064707265e-19
0.0027493194790606705 1.713811183889566e-19
0.0024488914450019705 7.938609702944103e-19
0.00267619602405833 6.208679482925424e-19
0.0028300175440176237 1.3016032637638186e-19
0.002913802593018047 9.150280360430134e-20
0.002919795596321152 6.874083502693897e-20
0.0029681855017948196 3.944705979319378e-19
0.0029828582566969247 2.737250072416247e-19
0.0030832715581213515 1.8816757097219937e-19
0.003012421722373364 5.681700654785875e-19
0.0034244968746826865 1.25549686795311e-19
0.0039000570009519665 9.100193078160438e-20
0.003830104060106117 5.975380840180404e-20
0.0038505140963796007 4.733915865814603e-20
0.003837229576829037 2.850540724761158e-19
0.0038567372531850734 1.9107971137319903e-19
0.0038951996993796946 1.3055138786105819e-19
0.004049583835470882 3.93265907655242e-20
0.004802012624583365 8.540982541254161e-20
0.004937439556782232 5.934873798863984e-20
0.004603534453804728 1.8664433806060886e-19
0.005045027562572447 4.4344760759041953e-20
0.004997863019198788 1.403867544686955e-19
0.005274714096946862 1.0971016373444956e-19
0.005911909285791637 3.6872088077779584e-20
0.005933709208949891 8.118127154762644e-20
0.0059361052554898226 5.683121226105573e-20
0.006353422926139676 4.587472040125341e-20
0.007110868172703466 3.0018935112843004e-20
0.00737080060395256 3.8872438864539297e-20
0.007630272690438473 5.193529191144943e-20
0.007104772551557561 8.04157582527077e-20
0.007104772551557561 6.718452147832928e-20
0.008118175260912179 2.2316487972959533e-20
0.00890048681699089 3.173726208744109e-20
0.008653927682511095 4.399326418661037e-20
0.009903660785709987 2.4081865786966728e-20
0.010393961080363617 1.7493611377761828e-20
0.01112293845097447 1.4601029956349055e-20
0.010938006372088409 3.2223884908304653e-20
0.012478600186475798 2.2268829075228298e-20
0.013060612978988284 1.540086445316152e-20
0.01407005783903812 1.1144541305556422e-20
0.01579376468545155 1.4580752561447967e-20
0.016686586040113728 8.870936611970907e-21
0.017531364156211628 1.1209278772912744e-20
0.01863723427371472 6.717677416091628e-21
0.019332602550207332 1.2332370881805868e-20
0.020430358416161722 8.917772248619218e-21
0.0219050176841216 6.150787144196425e-21
0.024128339874653043 4.6323196451299845e-21
0.026805164394577335 5.8990495681218995e-21
0.027709293197015025 3.664362175161674e-21
0.03149970246466152 4.078315066849695e-21
0.03130613691660969 2.708388112199932e-21
0.0361924424157559 1.9579932957654138e-21
0.03682798611790869 3.413630647533578e-21
0.03836803292035531 2.7337265643175384e-21
0.041211877613311 1.5643336412184369e-21
0.045061284629347595 2.2663586155021778e-21
0.04644377009054236 1.194340487313507e-21
0.050302727710779004 8.97224009474355e-22
0.050870703304037215 1.6385671627984683e-21
0.054499277243037214 7.044963246761977e-22
0.05320169869259625 2.326527061973112e-21
0.060938028576607274 1.0465819120172738e-21
0.06121029496570913 5.3237295177435e-22
0.061014175591581565 1.601485906434215e-21
0.05980141628074604 1.3274308991131312e-21
0.0688977953394422 7.169850064108791e-22
0.06908778525977302 3.9478523397529203e-22
0.07538700819525988 9.795137474859632e-22
0.07292533829488591 1.4135196749055204e-21
0.07502811135953215 1.2117772868414822e-21
0.0776084686585165 3.081224012164264e-22
0.07939273526044784 5.087015159481082e-22
0.08637487963736425 7.014997023665384e-22
0.09149365922763053 8.605578755567044e-22
0.09410190012459524 3.55547881152258e-22
0.09305989832716631 2.536237743279918e-22
0.09596912634432676 4.911143030132421e-22
0.10440220650271001 6.020929709787506e-22
0.110626178662853 2.19010960772192e-22
0.11555114355805352 3.247770546198858e-22
0.11882999402008067 4.59104585210961e-22
0.13353175924285912 2.1606604698820147e-22
0.14024854406518728 3.4712928909176974e-22
0.14635504786930195 1.7163386009790328e-22
0.16603995613407077 2.5487327933998814e-22
0.15720290725876723 3.321915027863094e-22
0.17654304864944148 1.7135374993344758e-22
0.19163123930257372 1.418490656429171e-22
0.20045169300087864 2.134041778313542e-22
0.23094235184971348 1.5671837785427337e-22
0.2509599705266553 1.3278753771229516e-22
0.28363445700376533 1.541036888366093e-22
0.34945886122273256 1.7544799219859673e-22
0.42987510400746715 2.248399939990524e-22
0.5213168378431737 2.8995640610159207e-22
0.6222437934934386 3.730642984236002e-22
0.739032981300815 4.761972620877547e-22
0.8831054089703119 6.135616837192056e-22
1.0598658429361556 7.938086533543709e-22
1.2538893247913698 9.945774258265557e-22
1.504190589712435 1.299973107043554e-21
1.7963859165072111 1.6730732264165505e-21
2.177314410521289 2.2005698431735948e-21
2.450862779754261 2.5798267610927364e-21