0.00002012691100193971 3.2903318861830773e-17
0.00002111599041016001 2.236220513069621e-17
0.000021405892624736756 1.8652280287707283e-17
0.00002440397353672675 1.560852905244323e-17
0.000027248703667805147 1.1875979277536565e-17
0.000030424897442471823 8.993897892986603e-18
0.00003397139739929529 6.8271735125310655e-18
0.0000379313271191068 5.186472551553249e-18
0.00004235285231588776 3.940063553188165e-18
0.00004728981632058935 2.9955220838582265e-18
0.00005280222862707321 2.275640576145616e-18
0.00005895683773139088 1.7180253549226285e-18
0.00006582938822069975 1.3082031133962165e-18
0.00007299887712310251 1.021651523695068e-18
0.00008094838196807963 7.898606497288532e-19
0.00009038503034681201 6.052033604045718e-19
0.000100920982873879 4.601194896590392e-19
0.00011346539829286611 3.4722314412922025e-19
0.00012757017747688464 2.643041507139777e-19
0.00014244262511144975 2.0367355434299855e-19
0.00016015078955499673 1.5625594981560873e-19
0.00018130693122840025 1.1876970220818874e-19
0.00020667948082863307 8.973662320753452e-20
0.00023723700639344687 6.809691675264454e-20
0.0002742003262635678 5.1702877010716055e-20
0.000319126698683714 4.0117839079247246e-20
0.0003714213077554584 3.1745777558845925e-20
0.0004322965531841099 2.5783818830317945e-20
0.0005031570921394388 2.127622560113818e-20
0.0005856392373016743 1.7749928268593783e-20
0.0006816413322085202 1.4780150192086667e-20
0.0007933864401227825 1.2395847388255909e-20
0.0009234352226752348 1.022491278653685e-20
0.0010747622414162487 8.13398574777101e-21
0.0012422356093992595 6.2625149238638384e-21
0.0014063506696581722 4.8079095281282106e-21
0.0015595114647603354 3.742543555472413e-21
0.001729319475352869 2.8580411571744504e-21
0.001917608587639535 2.1728901798968e-21
0.0021264251270355318 1.6726980948058767e-21
0.0024240079027439757 1.2666754182012363e-21
0.002821284375144022 1.0237530551845156e-21
0.00328398301680277 9.100002696108602e-22
0.0038227943960927485 8.58927561004035e-22
0.004450195901385151 8.454160038707374e-22
0.005180783794895989 8.67727377668011e-22
0.006031448430923045 9.110314788388099e-22
0.00702189201501565 9.706835682141188e-22
0.008175034936034995 1.0412934746780495e-21
0.009517666526826065 1.13104296351444e-21
0.011080881091178517 1.2369046779695767e-21
0.012900916298399545 1.3603563049626505e-21
0.015019977196864856 1.5046255338597932e-21
0.017487364658426905 1.688878444202176e-21
0.02036033200098022 1.919459018510725e-21
0.023705695569947463 2.218897452900756e-21
0.027601632955189703 2.6506942060524636e-21
0.032139026009950084 3.2846233580476816e-21
0.03691020259369728 4.2256900204980116e-21
0.04152075725919584 5.5097701531869196e-21
0.0463865466295433 7.320828004975505e-21
0.052909542823730865 1.0058370007384879e-20
0.06160045941314214 1.1156629667099472e-20
0.07170254258076864 9.838667657678195e-21
0.08346959952074025 9.585691668413523e-21
0.09585384419135735 1.1440261912483621e-20
0.10634880050127477 1.507885678370599e-20
0.11963835266810639 2.05421952224956e-20
0.13927857378121167 2.0965265927849157e-20
0.15665446732572916 2.3780001080188294e-20
0.169070507087798 3.155596315589211e-20
0.18886844511473866 3.8653431042398703e-20
0.21387271265209018 3.7931677902928736e-20
0.2410186964046531 5.2573837754464394e-20
0.26096101640581204 5.534621643057178e-20
0.29883041144337635 6.886473592528846e-20
0.3190190857149045 7.843617932392996e-20
0.37203517549537707 9.779910269255888e-20
0.4336529200900407 1.2084264764772826e-19
0.5027982151122535 1.4967814206023715e-19
0.5811289651482403 1.9063084256436046e-19
0.6694713831914881 2.2415954531567257e-19
0.7684931584901816 2.8316238871411615e-19
0.8907013137319095 3.46299718143994e-19
0.9890634555494217 3.9776177505147444e-19
