0.0006064966753118361  5.67675121137107e-16
0.0006309777211482877  5.107561353813113e-16
0.0008920476054986134  1.8071683546301238e-16
0.0009189190022348165  1.6548554153515223e-16
0.0010554236823732484  1.0469346076914298e-16
0.0010980255243895648  9.757278701744282e-17
0.0011884574494292757  7.625366971067846e-17
0.001599100071971152  3.051966416260515e-17
0.0027282317133723545  6.255841176160735e-18
0.0031961242621786233  3.9577213615078734e-18
0.0036709059557014736  2.686553921842919e-18
0.004939298399602388  1.0752626563478582e-18
0.005037998855665141  1.0021292006669719e-18
0.005561885786721992  7.560670870698325e-19
0.0071933049376809504  3.4838626626659703e-19
0.012767906160020165  6.655430371454084e-20
0.01684297823072913  3.0667391520695046e-20
0.017179546200172285  2.858156411342218e-20
0.019344989126545534  2.009702447635627e-20
0.047124256018758255  2.1853455145197767e-21
0.062164681374976424  1.2008753203290335e-21
0.06728448203657277  1.043076659452671e-21
0.07139919489179482  9.060132214198918e-22
0.08039890185295034  7.33435618587856e-22
0.08702044871515384  6.598963529537143e-22
0.10711387289657442  5.067106769851346e-22
0.11254539331179844  4.806366908853244e-22
0.12302555273187626  4.32444772755435e-22
0.1267314854822939  4.32444772755435e-22
0.15445875474815182  3.7562021745931177e-22
509.9930789396193  3.890849055635629e-22
1230.1098582977477  1.1191983816767984e-21
1279.76285237125  1.2008753203290335e-21
